9
0 102 884 123 800 845 605 433 990 940
102 0 827 789 249 630 334 481 833 924
884 827 0 398 417 741 207 242 956 843
123 789 398 0 875 513 859 20 827 38
800 249 417 875 0 268 181 55 129 115
845 630 741 513 268 0 706 671 31 774
605 334 207 859 181 706 0 517 571 907
433 481 242 20 55 671 517 0 652 36
990 833 956 827 129 31 571 652 0 737
940 924 843 38 115 774 907 36 737 0
