6
0 276 10 786 723 47 182
276 0 778 129 631 558 190
10 778 0 324 843 313 628
786 129 324 0 864 922 728
723 631 843 864 0 357 864
47 558 313 922 357 0 71
182 190 628 728 864 71 0
