7
0 463 714 512 573 971 347 730
463 0 62 413 159 37 552 638
714 62 0 988 526 801 69 532
512 413 988 0 653 336 223 263
573 159 526 653 0 36 159 219
971 37 801 336 36 0 654 779
347 552 69 223 159 654 0 781
730 638 532 263 219 779 781 0
