10
0 157 680 40 182 862 594 493 2 206 684
157 0 679 668 420 91 887 722 518 695 4
680 679 0 901 942 939 70 387 219 751 864
40 668 901 0 997 783 993 8 265 144 890
182 420 942 997 0 316 82 254 44 410 355
862 91 939 783 316 0 336 601 11 811 211
594 887 70 993 82 336 0 447 134 401 712
493 722 387 8 254 601 447 0 568 733 17
2 518 219 265 44 11 134 568 0 520 990
206 695 751 144 410 811 401 733 520 0 22
684 4 864 890 355 211 712 17 990 22 0
