8
0 872 109 48 686 502 983 694 457
872 0 570 709 463 950 158 411 489
109 570 0 285 857 140 270 224 949
48 709 285 0 681 88 365 63 483
686 463 857 681 0 434 979 780 202
502 950 140 88 434 0 889 415 488
983 158 270 365 979 889 0 202 385
694 411 224 63 780 415 202 0 954
457 489 949 483 202 488 385 954 0
