5
0 729 297 398 626 23
729 0 904 88 940 446
297 904 0 330 154 791
398 88 330 0 949 291
626 940 154 949 0 332
23 446 791 291 332 0
